X:0.000000 Y:0.000000 AX:0.500000 BX:0.000000
NA: 0.000000 0.500004 0.500004
NB: 0.000000 0.500000 0.500000
